
PRUEBA BCA MARINA
	1	2	3	4	5	6	7	8	9	10	11	12
A	1,382	0,851	0,881	0,893	0,775	0,716	0,689	0,663	0,669	0,047	0,046	0,046	480
B	1,420	0,853	0,855	0,866	0,764	0,695	0,685	0,666	0,666	0,047	0,046	0,046	480
C	3,007	0,886	0,670	0,653	0,647	0,653	0,047	0,050	0,049	0,047	0,047	0,047	480
D	3,344	0,892	0,672	0,652	0,653	0,651	0,044	0,045	0,048	0,048	0,047	0,047	480
E	2,912	0,915	0,674	0,659	0,658	0,656	0,047	0,048	0,047	0,047	0,048	0,048	480
F	0,047	0,049	0,048	0,047	0,049	0,048	0,048	0,044	0,046	0,048	0,048	0,048	480
G	0,048	0,048	0,051	0,047	0,047	0,049	0,049	0,050	0,048	0,048	0,049	0,047	480
H	0,048	0,047	0,046	0,048	0,048	0,049	0,049	0,049	0,048	0,047	0,046	0,049	480
